# Created by Octave 4.0.0, Thu Jun 29 16:54:54 2017 BRT <matheus@mortisws>
# name: teste
# type: matrix
# rows: 513
# columns: 1
 1
 1
 0
 0
 1
 1
 0
 0
 1
 1
 1
 1
 0
 1
 0
 1
 1
 1
 1
 1
 0
 1
 0
 0
 1
 0
 1
 1
 0
 1
 1
 1
 0
 0
 0
 0
 1
 1
 1
 0
 0
 1
 0
 0
 0
 0
 0
 0
 1
 0
 0
 0
 1
 0
 0
 1
 0
 1
 0
 1
 0
 1
 0
 0
 1
 0
 0
 1
 1
 0
 0
 0
 1
 1
 0
 0
 1
 1
 0
 0
 1
 0
 0
 0
 0
 0
 0
 0
 1
 1
 1
 0
 0
 0
 0
 0
 0
 0
 0
 1
 1
 1
 0
 1
 1
 1
 1
 1
 0
 0
 0
 1
 1
 1
 0
 0
 0
 0
 0
 0
 0
 1
 0
 1
 0
 0
 0
 0
 1
 1
 1
 0
 0
 1
 1
 0
 0
 1
 1
 0
 1
 1
 1
 0
 1
 1
 0
 1
 1
 0
 1
 1
 1
 0
 1
 1
 0
 1
 1
 0
 0
 1
 1
 1
 1
 0
 0
 1
 1
 1
 1
 1
 1
 0
 0
 1
 0
 0
 1
 1
 1
 0
 0
 1
 0
 1
 1
 0
 0
 1
 0
 0
 1
 1
 1
 1
 1
 0
 0
 0
 1
 1
 1
 0
 1
 0
 0
 0
 1
 0
 1
 1
 0
 0
 0
 1
 0
 1
 0
 0
 1
 0
 1
 1
 0
 0
 1
 0
 0
 0
 0
 1
 1
 0
 0
 0
 0
 0
 1
 1
 1
 1
 1
 1
 1
 1
 0
 0
 0
 1
 1
 0
 0
 1
 1
 0
 0
 1
 1
 0
 0
 0
 0
 1
 0
 1
 0
 1
 1
 0
 0
 1
 0
 1
 0
 1
 1
 1
 0
 0
 0
 1
 0
 1
 0
 0
 0
 1
 1
 0
 1
 1
 0
 0
 0
 0
 0
 0
 1
 1
 0
 1
 0
 0
 0
 0
 0
 0
 1
 0
 0
 0
 1
 0
 0
 0
 1
 0
 0
 1
 1
 0
 0
 0
 0
 1
 0
 0
 1
 1
 0
 1
 0
 1
 0
 0
 0
 1
 0
 1
 0
 0
 1
 0
 1
 0
 0
 0
 0
 1
 1
 1
 1
 0
 0
 1
 0
 0
 0
 0
 0
 0
 1
 1
 1
 1
 1
 0
 1
 0
 0
 1
 1
 0
 1
 1
 0
 0
 0
 0
 0
 1
 1
 1
 0
 0
 0
 0
 0
 0
 0
 1
 1
 0
 1
 1
 0
 0
 1
 0
 1
 1
 1
 0
 0
 1
 0
 0
 1
 0
 1
 1
 1
 0
 1
 0
 1
 0
 1
 1
 0
 0
 0
 0
 0
 0
 0
 0
 0
 1
 0
 0
 0
 1
 0
 1
 1
 0
 0
 0
 0
 0
 0
 1
 1
 1
 1
 1
 0
 1
 1
 1
 1
 1
 1
 1
 0
 0
 1
 0
 0
 0
 1
 0
 1
 0
 1
 1
 0
 0
 1
 1
 0
 0
 0
 1
 0
 0
 0
 1
 1
 0
 0
 0
 0
 0
 1
 1
 0
 0
 0
 0
 0
 0
 1
 0
 0
 1
 1
 1
 1
 1
 1
 0
 1
 1
 0
 1
 0
 1
 1
 0
 0
